7
93
95
93
16
98
88
49
24
51
48
18
29
51
26
92
51
82
15
14
32
28
52
26
45
43
23
32
26
47
8
1
54
80
84
50
80
12
70
83
3
41
22
69
29
15
36
49
26
7
30
92
89
16
94
33
71
3
63
71
31
64
23
81
1
58
99
16
100
38
34
58
10
90
20
8
48
29
80
70
71
22
72
59
24
51
14
4
66
65
45
86
41
49
48
44
3
33
7
92
56
38
17
36
5
64
10
53
35
23
12
38
27
53
98
73
92
11
66
44
37
35
76
47
26
65
16
3
17
61
43
52
28
43
25
86
63
23
23
9
80
99
100
98
6
78
41
59
95
35
58
14
96
47
63
65
5
18
86
100
89
30
41
3
42
36
29
53
32
65
68
80
94
81
94
17
17
77
73
44
14
75
95
66
84
19
38
97
46
72
12
65
49
45
73
11
70
93
58
73
84
86
1
45
7
74
67
87
20
22
64
7
21
36
13
43
60
89
97
21
10
56
91
65
3
18
36
23
6
23
9
74
53
15
75
21
95
26
38
87
65
74
28
70
25
94
47
100
13
91
65
18
35
56
40
39
67
10
60
16
73
79
35
62
35
66
86
67
75
61
51
13
93
79
79
99
73
79
74
63
10
7
22
17
99
64
2
37
95
58
14
88
17
2
87
6
85
55
8
27
48
43
67
14
3
11
11
75
30
49
54
82
67
88
51
80
92
32
63
40
9
85
15
32
44
22
40
65
3
43
92
27
1
81
92
33
1
22
64
54
47
91
47
90
43
65
30
72
52
65
100
71
63
61
82
9
29
4
60
5
77
5
51
2
12
67
98
48
78
46
68
2
50
1
71
59
64
23
62
1
92
77
5
55
98
18
31
36
25
15
85
14
89
76
84
7
69
86
4
87
56
81
49
78
76
48
76
26
91
21
34
22
97
42
99
64
85
20
40
76
82
61
49
27
34
86
26
32
53
29
67
33
11
53
16
11
4
71
1
21
58
94
69
40
2
86
73
35
27
16
20
19
38
80
40
48
55
23
76
33
53
97
9
98
32
52
42
36
79
90
90
88
12
23
69
41
72
35
31
58
43
93
42
87
6
1
46
48
49
1
81
3
50
23
21
65
15
64
47
18
